===============================================================================
QUESTION
===============================================================================
Napište program v jazyce Python 3 který sečte libovolně velké matice a vytiskne výsledek na standardní výstup. Prvky matice jsou odděleny mezerou. Matice na vstupu jsou od sebe odděleny prázdným řádkem a mají stejnou velikost. Příklad vstupu:<pre>1 1
2 2

3 3
4 4</pre>Odpovídající výstup:<pre>4 4
6 6</pre>
===============================================================================
ANSWER
===============================================================================

===============================================================================
PROGRAM
===============================================================================
C:\Users\XPS\proj\fit\4_let\IBP\src\examples\output\programs\82e17fc293a191a95551bc95756d6acb_xbamba01.python3
===============================================================================
INPUT
===============================================================================
5 6 9 4 0 3 4 3
6 1 4 7 6 8 9 2
8 5 0 2 9 3 7 9
7 6 2 4 3 2 8 0
5 4 9 4 1 7 5 0
1 7 4 1 5 2 6 8
3 5 9 8 0 6 7 9
9 1 7 7 1 6 8 5
4 4 9 2 3 0 5 0

0 1 8 2 7 2 2 4
5 0 1 1 6 9 1 2
7 1 6 2 6 1 5 6
5 7 4 3 5 5 2 0
1 9 8 4 7 2 3 1
9 1 9 6 9 0 0 9
7 8 1 2 1 0 1 5
9 8 9 5 1 9 7 4
7 8 1 7 3 0 0 6
===============================================================================
CORRECT OUTPUT
===============================================================================
5 7 17 6 7 5 6 7
11 1 5 8 12 17 10 4
15 6 6 4 15 4 12 15
12 13 6 7 8 7 10 0
6 13 17 8 8 9 8 1
10 8 13 7 14 2 6 17
10 13 10 10 1 6 8 14
18 9 16 12 2 15 15 9
11 12 10 9 6 0 5 6
===============================================================================
OUTPUT
===============================================================================

===============================================================================
ERROR OUTPUT
===============================================================================

===============================================================================
POINTS
===============================================================================
0
