===============================================================================
QUESTION
===============================================================================
Napište program v jazyce Python 2 který sečte libovolně velké matice a vytiskne výsledek na standardní výstup. Prvky matice jsou odděleny mezerou. Matice na vstupu jsou od sebe odděleny prázdným řádkem a mají stejnou velikost. Příklad vstupu:<pre>1 1
2 2

3 3
4 4</pre>Odpovídající výstup:<pre>4 4
6 6</pre>
===============================================================================
ANSWER
===============================================================================

===============================================================================
PROGRAM
===============================================================================
C:\Users\XPS\proj\fit\4_let\IBP\src\examples\output\programs\82e17fc293a191a95551bc95756d6acb_xjanda17.python2
===============================================================================
INPUT
===============================================================================
0 0 7 1 5 4 4 0
9 5 3 2 1 5 8 4
2 3 6 1 2 8 8 7
4 2 3 3 8 5 9 6
7 5 6 9 4 6 0 1
1 8 3 1 2 3 0 5
0 0 1 7 1 9 2 2

6 3 6 0 9 0 0 9
3 5 1 0 9 9 6 7
1 2 7 9 1 6 8 9
1 0 8 2 5 1 1 4
4 2 8 5 5 6 5 7
9 1 3 9 0 4 8 2
1 6 6 4 2 7 6 0
===============================================================================
CORRECT OUTPUT
===============================================================================
6 3 13 1 14 4 4 9
12 10 4 2 10 14 14 11
3 5 13 10 3 14 16 16
5 2 11 5 13 6 10 10
11 7 14 14 9 12 5 8
10 9 6 10 2 7 8 7
1 6 7 11 3 16 8 2
===============================================================================
OUTPUT
===============================================================================
IOError
===============================================================================
ERROR OUTPUT
===============================================================================
IOError
===============================================================================
POINTS
===============================================================================
0
